
fiend.scene.MXML: 44 huesos, 27 clips

hueso                      claves fiendattack fiendattack fiendattack fiendbury.a fienddeath0 fiendeat.an fiendfastwa fiendground fiendhatch. fiendidle.a fiendpain.a fiendpain2. fiendpain3. fiendperfor fiendperfor fiendperfor fiendpounce fiendpounce fiendroar.a fiendrun.an fiendslowwa fiendspit.a fiendtrot.a fiendturnwa fiendventdr fiendwalk.a fiendwalk_8
GlobalCTRLJNT             a veces         0.0         0.0         0.0         0.0         0.0         0.0         0.0         0.0       119.6         0.0         0.0         0.0         0.0         0.0         0.0         0.0         0.0         0.0         0.0         0.0         0.0         0.0         0.0         0.0         0.0         0.0         0.0
RootJNT                   a veces        18.9         0.0         0.0        31.4         0.0        17.3         4.1        72.6       119.6         2.4         0.0         0.0         0.0        20.5        25.1        16.9        34.8        34.8        44.2         3.3         4.0        33.4         4.1         5.7         0.0         6.3         6.4
RPincer1JNT               a veces        43.1        26.2        28.6        31.4         0.0        64.1        12.3        60.2       119.6         7.1         0.0         0.0         0.0        31.4        14.8        25.5        46.4        46.4        43.2         3.4        25.7        43.4        13.7        26.8         0.0        24.6        25.3
RPincer2JNT               a veces        45.1        54.0        57.7        31.4         0.0        66.9        14.4        62.6       119.6         6.7         0.0         0.0         0.0        35.0        14.4        29.0        46.0        46.0        45.5         3.4        25.9        35.9        14.0        26.9         0.0        21.4        24.3
RPincer3JNT               a veces        41.4        25.4        26.8        31.4         0.0        35.0         4.4        58.0       130.4         2.4         0.0         0.0         0.0        35.0        22.2        30.7        51.0        51.0        51.8         3.6         9.7        14.3        11.0        11.1         0.0        11.6        10.5
RPincer4JNT                QUIETO        41.4        25.4        26.8        31.4         0.0        35.0         4.4        58.0       119.6         2.4         0.0         0.0         0.0        35.0        22.2        30.7        51.0        51.0        51.8         3.6         9.7        14.3        11.0        11.1         0.0        11.6        10.5
RPincer5JNT               a veces        27.0        31.2        34.0        31.4         0.0        38.8        11.0        59.1       132.6        23.5         0.0         0.0         0.0        33.8        25.8        29.6        46.7        46.7        45.4         9.1        12.3        44.8        15.0        12.8         0.0        13.2        14.9
RPincer6END                QUIETO        27.0        31.2        34.0        31.4         0.0        38.8        11.0        59.1       132.6        23.5         0.0         0.0         0.0        33.8        25.8        29.6        46.7        46.7        45.4         9.1        12.3        44.8        15.0        12.8         0.0        13.2        14.9
LPincer1JNT               a veces        66.6        16.5        27.6        31.4         0.0        23.2        17.3        73.5       119.6         7.7         0.0         0.0         0.0        55.4        54.2        44.4        45.4        45.4        39.2         5.3        26.8       108.1        17.6        28.5         0.0        34.2       107.9
LPincer2JNT               a veces        37.1        56.1        63.7        31.4         0.0        39.3        12.4       178.9       138.0         7.6         0.0         0.0         0.0        50.8        48.1        54.3        78.2        78.2        26.4         4.9        21.2        77.6         8.4        20.6         0.0         8.0         7.9
LPincer3JNT               a veces        26.4        26.2        27.0        38.7         0.0        16.8         3.8        62.9       119.6         2.4         0.0         0.0         0.0        42.8        26.0        43.6        38.4        38.4        51.4         5.5         7.9        25.3         7.0         8.6         0.0        10.0         9.3
LPincer4JNT                QUIETO        26.4        26.2        27.0        32.6         0.0        16.8         3.8        62.9       119.6         2.4         0.0         0.0         0.0        42.8        26.0        43.6        38.4        38.4        51.4         5.5         7.9        25.3         7.0         8.6         0.0        10.0         9.3
LPincer5JNT               a veces        26.4        30.8        34.2        31.4         0.0        25.3        11.2        63.7       119.6        26.5         0.0         0.0         0.0        31.5        33.4        41.8        49.2        49.2        44.4        17.0        13.0        37.9        14.3        12.2         0.0        17.9        17.9
LPincer6END                QUIETO        26.4        30.8        34.2        31.4         0.0        25.3        11.2        63.7       119.6        26.5         0.0         0.0         0.0        31.5        33.4        41.8        49.2        49.2        44.4        17.0        13.0        37.9        14.3        12.2         0.0        17.9        17.9
RFirstLeg1JNT             a veces        55.3        22.8        21.6       108.8         0.0         7.7        24.2        71.6       127.2         6.0         0.0         0.0         0.0        15.5        18.9        14.0        57.7        65.3        62.3         4.0        15.1        63.2        30.2        69.9         0.0        38.5        41.2
RFirstLeg2JNT             a veces        45.6        22.9        21.9       100.1         0.0         8.0        22.8       101.1       160.6         5.8         0.0         0.0         0.0        18.4        40.5        17.1        69.0       100.0        70.5         7.1        14.5        65.2        29.5        71.8         0.0        39.4        37.0
RFirstLeg3JNT             a veces        57.1        22.9        21.7       110.1         0.0         8.7        26.1        71.4        56.4         6.2         0.0         0.0         0.0        12.5        18.4        10.8        58.2        66.0        61.5         3.2        15.8        62.9        33.3        72.3         0.0        41.8        45.1
RFirstLeg4END             a veces         0.0         0.0         0.0         0.0         0.0         0.0         0.0        21.7        87.5         0.0         0.0         0.0         0.0         0.0         0.0         0.0         0.0         0.0         0.0         0.0         0.0         0.0         0.0        25.2         0.0        30.6        33.9
RFourthLeg1JNT            a veces        67.4        18.5        18.6       112.1         0.0        12.6        15.6        67.6        56.1         5.0         0.0         0.0         0.0        11.3        20.9         4.4        55.2        43.4        38.5        29.4         9.7        39.6        11.5        23.4         0.0        26.2        50.8
RFourthLeg2JNT            a veces        67.6        17.1        17.4       100.8         0.0        13.8        16.5        75.1        60.0         5.1         0.0         0.0         0.0        11.5        38.2        11.0        63.8        70.3        37.4        37.5        10.7        36.3        16.6        24.2         0.0        28.1        54.2
RFourthLeg3JNT            a veces        67.9        20.1        20.2       114.4         0.0        12.7        17.8        67.6        55.8         5.2         0.0         0.0         0.0        11.2        20.5         5.0        54.8        46.4        40.8        30.7         9.9        41.7        11.7        31.4         0.0        26.4        50.6
RFourthLeg4END            a veces         0.0         0.0         0.0         0.0         0.0         0.0         0.0         0.0       100.5         0.0         0.0         0.0         0.0         0.0         0.0         0.0         0.0         0.0         0.0        25.8         0.0         8.8         0.0        31.2         0.0        25.1        37.6
LFirstLeg1JNT             a veces        54.3        22.9        21.7       155.5         0.0         6.0        14.6        67.3       178.5         6.8         0.0         0.0         0.0         9.0        13.4        13.2       117.7        94.8        28.0         3.2        11.4        37.2        21.2        31.7         0.0        51.0        39.8
LFirstLeg2JNT             a veces        91.1        23.6        22.7       179.0         0.0         5.7        16.2       179.9       176.7         6.4         0.0         0.0         0.0        10.5        37.1        16.3       109.2       102.8       149.2         5.4        13.1       179.9        21.5        29.7         0.0        42.7        41.7
LFirstLeg3JNT             a veces        49.0        23.0        21.8       104.7         0.0         6.5        16.0        66.4       175.9         6.9         0.0         0.0         0.0         9.0        11.6        13.0       142.7       115.2        25.1         4.1        10.2        35.2        22.2        34.7         0.0        60.3        43.2
LFirstLeg4END             a veces         0.0         0.0         0.0         0.0         0.0         0.0         0.0        29.4        87.4         0.0         0.0         0.0         0.0         0.0         0.0         0.0         0.0         0.0         0.0         0.0         0.0         0.0         0.0        25.2         0.0        54.0        38.9
LFourthLeg1JNT            a veces        60.4        19.6        20.0       119.0         0.0        13.5        20.0       178.5        66.6         5.0         0.0         0.0         0.0        11.2        17.7        11.0        83.9        72.3        36.7        67.3        12.1        41.3        29.0        25.3         0.0        69.5        54.7
LFourthLeg2JNT            a veces        69.3        19.8        20.5       114.9         0.0        12.4        30.1       178.0        71.3         5.4         0.0         0.0         0.0        11.1        38.0        14.5        60.4        76.6        40.4        88.4        15.6        51.2        43.8        26.8         0.0        78.6       112.3
LFourthLeg3JNT            a veces        61.4        20.4        20.7       133.1         0.0        13.6        22.8       179.6        67.4         5.3         0.0         0.0         0.0        11.3        18.7        10.6        86.7        76.5        39.7        67.6        12.4        44.0        34.2        25.3         0.0        69.7        54.8
LFourthLeg4END            a veces         0.0         0.0         0.0         0.0         0.0         0.0         0.0        16.7        87.4         0.0         0.0         0.0         0.0         0.0         0.0         0.0         0.0         0.0         0.0        27.5         0.0         8.6         0.0        28.4         0.0        26.8        41.9
NewTail1JNT               a veces        23.9        10.2        10.1        15.6         0.0        26.5        13.9        96.6       119.6         3.0         0.0         0.0         0.0        40.6        33.9        16.9        46.0        46.0        59.1         3.8         4.0        71.7         4.1         5.7         0.0         5.4         5.4
NewTail2JNT               a veces        28.9        19.8        20.0        33.3         0.0        36.6        22.7       120.9       119.6         4.4         0.0         0.0         0.0        60.2        43.8        19.4        58.1        58.1        75.6         4.8        19.1        90.0        14.0        14.4         0.0         6.2         6.2
NewTail3JNT               a veces        33.9        28.7        29.6        52.5         0.0        46.3        29.8       145.6       119.6         6.1         0.0         0.0         0.0        78.8        53.6        29.3        70.5        70.5        92.6         6.8        34.0       106.6        23.8        23.1         0.0         7.8         7.8
NewTail4JNT               a veces        38.9        36.4        38.7        72.1         0.0        55.8        35.0       179.9       119.6         7.9         0.0         0.0         0.0        96.0        63.1        38.9        83.1        83.1       110.3         8.7        48.6       109.7        32.2        31.3         0.0         9.5         9.5
NewTail4JNT_2             a veces        44.0        42.9        47.3        97.8         0.0        65.0        37.9       177.1       119.6         9.7         0.0         0.0         0.0       113.0        72.3        48.4        79.6        79.6       136.3        10.4        62.6       134.4        39.3        38.3         0.0        11.2        11.2
NewTail5JNT               a veces        45.4        47.6        55.0       138.5         0.0        73.7        38.7       170.4       119.6        11.5         0.0         0.0         0.0       131.8        81.0        57.4       178.1       178.1       179.9        13.3        76.0       179.4        44.7        44.0         0.0        23.3        21.9
NewBack6JNT               a veces        85.9        50.8        62.1       162.4         0.0        81.9        37.3       173.1       119.6        13.4         0.0         0.0         0.0       145.3        89.1        66.1       179.5       179.5       176.0        14.3       116.3       178.9        48.3        48.1         0.0        15.5        15.5
NewBack7JNT               a veces       148.1        50.8        68.2       179.2         0.0        89.5        37.3       173.1       119.6        13.4         0.0         0.0         0.0       145.3        89.1        66.1       179.5       179.5       176.0        14.3       116.3       177.8        48.3        48.1         0.0        15.5        15.5
NewBack1JNT               a veces        18.9         4.4         0.0        31.4         0.0        17.3         4.1        64.6       119.6         2.4         0.0         0.0         0.0        20.5        25.1        16.9        34.8        34.8        49.4         3.3         4.0        42.9         4.1         5.7         0.0         6.3         6.4
NewBack2JNT               a veces        18.9         4.8         3.8        31.4         0.0        17.3         4.1        56.8       119.6         2.4         0.0         0.0         0.0        24.5        25.1        16.9        34.8        34.8        54.8         3.3         4.0        77.8         4.1         5.7         0.0         6.3         6.4
NewBack3JNT               a veces        18.9         8.5        10.9        31.4         0.0        17.3         4.1        61.1       119.6         2.4         0.0         0.0         0.0        32.0        25.1        16.9        34.8        34.8        60.1         3.3         4.0        44.9         4.1         5.7         0.0         6.3         6.4
NewHeadJNT                a veces        31.5        16.6        34.9        59.3        31.3        41.3         4.1        62.4       119.6        35.2        23.7        33.8        13.7        65.8        56.0        29.5        28.0        28.0        72.2         2.6         4.0        68.9         4.1        29.0         0.0         2.9         7.3
NewJawJNT                 a veces        45.3        27.4        34.5        59.3        31.3        41.3         4.1        71.7       119.6        35.6        28.3        21.5        17.1        67.8        56.9        34.4        42.3        42.3        46.1         2.6         5.1        67.3         4.1        29.0         0.0         2.9         7.3
NewJawEND                  QUIETO        45.3        27.4        34.5        59.3        31.3        41.3         4.1        71.7       119.6        35.6        28.3        21.5        17.1        67.8        56.9        34.4        42.3        42.3        46.1         2.6         5.1        67.3         4.1        29.0         0.0         2.9         7.3

ALTURA DE MUNDO del pivote, metros: media (recorrido).
Un clip que sube la media DESPEGA del suelo lo que cuelgue del
hueso, y eso no lo arregla ningun peso: es traslacion, no giro.

hueso                    fiendattack.ani fiendattack2.an fiendattack3.an  fiendbury.anim fienddeath01.an   fiendeat.anim fiendfastwalk.a fiendgroundappe fiendhatch.anim  fiendidle.anim  fiendpain.anim fiendpain2.anim fiendpain3.anim fiendperform01. fiendperform02. fiendperform03. fiendpounce.ani fiendpouncearch  fiendroar.anim   fiendrun.anim fiendslowwalk.a  fiendspit.anim  fiendtrot.anim fiendturnwalk.a fiendventdrop.a  fiendwalk.anim fiendwalk_8ms.a
GlobalCTRLJNT                0.00 (0.00)     0.00 (0.00)     0.00 (0.00)     0.00 (0.00)     0.00 (0.00)     0.00 (0.00)     0.00 (0.00)     0.00 (0.00)     0.80 (1.45)     0.00 (0.00)     0.00 (0.00)     0.00 (0.00)     0.00 (0.00)     0.00 (0.00)     0.00 (0.00)     0.00 (0.00)     0.00 (0.00)     0.00 (0.00)     0.00 (0.00)     0.00 (0.00)     0.00 (0.00)     0.00 (0.00)     0.00 (0.00)     0.00 (0.00)     4.00 (8.00)     0.00 (0.00)     0.00 (0.00)
RootJNT                      1.08 (0.28)     0.72 (0.08)     0.73 (0.09)    -3.36 (11.93)     0.68 (0.00)     0.70 (0.05)     0.69 (0.05)     0.33 (2.87)     0.98 (1.75)     1.16 (0.13)     0.68 (0.00)     0.68 (0.00)     0.68 (0.00)     0.68 (0.17)     1.07 (0.75)     0.69 (0.17)     1.17 (1.07)     1.68 (4.71)     1.31 (0.58)     1.28 (0.13)     0.69 (0.05)     1.21 (0.58)     0.69 (0.04)     0.69 (0.05)     4.68 (8.00)     1.21 (0.24)     1.21 (0.25)
RPincer1JNT                  0.85 (0.28)     0.59 (0.08)     0.60 (0.09)    -3.70 (11.91)     0.55 (0.00)     0.52 (0.05)     0.52 (0.05)     0.41 (2.64)     0.85 (1.38)     0.88 (0.14)     0.55 (0.00)     0.55 (0.00)     0.55 (0.00)     0.55 (0.17)     0.93 (0.77)     0.55 (0.22)     0.91 (1.19)     1.42 (4.78)     1.24 (0.89)     0.97 (0.13)     0.52 (0.05)     1.04 (0.57)     0.52 (0.05)     0.52 (0.05)     4.55 (8.00)     0.94 (0.25)     0.94 (0.25)
RPincer2JNT                  0.65 (0.33)     0.45 (0.10)     0.46 (0.11)    -3.87 (11.89)     0.37 (0.00)     0.35 (0.08)     0.40 (0.09)     0.30 (2.45)     0.69 (1.05)     0.65 (0.14)     0.37 (0.00)     0.37 (0.00)     0.37 (0.00)     0.40 (0.16)     0.77 (0.78)     0.40 (0.23)     0.76 (1.32)     1.27 (4.85)     1.06 (0.99)     0.74 (0.13)     0.36 (0.15)     0.84 (0.59)     0.42 (0.11)     0.36 (0.14)     4.37 (8.00)     0.71 (0.24)     0.71 (0.26)
RPincer3JNT                  0.57 (0.38)     0.39 (0.11)     0.40 (0.12)    -3.93 (11.92)     0.34 (0.00)     0.38 (0.24)     0.37 (0.07)     0.37 (2.39)     0.67 (1.12)     0.65 (0.15)     0.34 (0.00)     0.34 (0.00)     0.34 (0.00)     0.37 (0.17)     0.74 (0.70)     0.36 (0.26)     0.72 (1.37)     1.23 (4.89)     1.12 (1.09)     0.60 (0.13)     0.33 (0.12)     0.78 (0.61)     0.40 (0.08)     0.34 (0.09)     4.34 (8.00)     0.60 (0.22)     0.59 (0.31)
RPincer4JNT                  0.50 (0.53)     0.33 (0.11)     0.34 (0.12)    -4.24 (11.96)     0.19 (0.00)     0.36 (0.43)     0.20 (0.07)     0.49 (2.07)     0.52 (1.61)     0.48 (0.18)     0.19 (0.00)     0.19 (0.00)     0.19 (0.00)     0.38 (0.15)     0.74 (0.66)     0.36 (0.28)     0.67 (1.64)     1.18 (5.10)     1.20 (1.47)     0.41 (0.12)     0.24 (0.21)     0.58 (0.58)     0.30 (0.08)     0.25 (0.18)     4.19 (8.00)     0.41 (0.25)     0.41 (0.34)
RPincer5JNT                  0.50 (0.55)     0.34 (0.11)     0.35 (0.12)    -4.22 (11.95)     0.18 (0.00)     0.35 (0.41)     0.20 (0.06)     0.49 (2.10)     0.51 (1.59)     0.49 (0.17)     0.18 (0.00)     0.18 (0.00)     0.18 (0.00)     0.37 (0.17)     0.73 (0.63)     0.34 (0.28)     0.65 (1.65)     1.16 (5.10)     1.18 (1.47)     0.36 (0.12)     0.24 (0.20)     0.56 (0.62)     0.29 (0.07)     0.24 (0.19)     4.18 (8.00)     0.36 (0.23)     0.35 (0.33)
RPincer6END                  0.48 (0.75)     0.33 (0.12)     0.34 (0.13)    -4.49 (12.05)     0.07 (0.00)     0.36 (0.60)     0.08 (0.08)     0.60 (1.86)     0.39 (2.18)     0.37 (0.23)     0.07 (0.00)     0.07 (0.00)     0.07 (0.00)     0.40 (0.22)     0.75 (0.56)     0.36 (0.35)     0.62 (1.93)     1.12 (5.33)     1.20 (1.83)     0.16 (0.11)     0.19 (0.30)     0.45 (0.68)     0.23 (0.09)     0.19 (0.30)     4.07 (8.00)     0.16 (0.26)     0.15 (0.34)
LPincer1JNT                  0.85 (0.28)     0.59 (0.08)     0.60 (0.09)    -3.70 (11.96)     0.55 (0.00)     0.53 (0.05)     0.52 (0.06)     0.41 (2.63)     0.84 (1.38)     0.88 (0.14)     0.55 (0.00)     0.55 (0.00)     0.55 (0.00)     0.55 (0.17)     0.93 (0.77)     0.55 (0.22)     0.92 (1.26)     1.43 (4.81)     1.24 (0.89)     0.97 (0.13)     0.52 (0.05)     1.04 (0.57)     0.52 (0.04)     0.52 (0.06)     4.55 (8.00)     0.94 (0.25)     0.94 (0.25)
LPincer2JNT                  0.64 (0.28)     0.46 (0.12)     0.48 (0.10)    -3.90 (11.96)     0.38 (0.00)     0.33 (0.06)     0.42 (0.06)     0.34 (2.39)     0.69 (1.06)     0.66 (0.14)     0.38 (0.00)     0.38 (0.00)     0.38 (0.00)     0.43 (0.18)     0.80 (0.81)     0.43 (0.20)     0.81 (1.40)     1.32 (4.90)     1.08 (1.00)     0.75 (0.13)     0.38 (0.10)     0.83 (0.54)     0.44 (0.02)     0.38 (0.09)     4.38 (8.00)     0.71 (0.25)     0.71 (0.25)
LPincer3JNT                  0.59 (0.40)     0.40 (0.12)     0.38 (0.12)    -3.90 (12.01)     0.34 (0.00)     0.34 (0.23)     0.37 (0.08)     0.38 (2.34)     0.65 (1.13)     0.70 (0.15)     0.34 (0.00)     0.34 (0.00)     0.34 (0.00)     0.41 (0.11)     0.78 (0.63)     0.55 (0.27)     0.79 (1.53)     1.30 (5.00)     1.14 (1.06)     0.57 (0.14)     0.33 (0.10)     0.75 (0.75)     0.40 (0.04)     0.33 (0.07)     4.34 (8.00)     0.55 (0.26)     0.55 (0.26)
LPincer4JNT                  0.45 (0.39)     0.35 (0.12)     0.33 (0.12)    -4.23 (12.01)     0.20 (0.00)     0.32 (0.34)     0.20 (0.07)     0.49 (2.02)     0.50 (1.61)     0.48 (0.17)     0.20 (0.00)     0.20 (0.00)     0.20 (0.00)     0.35 (0.17)     0.72 (0.71)     0.46 (0.28)     0.65 (1.80)     1.16 (5.21)     1.15 (1.43)     0.42 (0.10)     0.28 (0.16)     0.56 (0.60)     0.31 (0.03)     0.27 (0.14)     4.20 (8.00)     0.39 (0.26)     0.39 (0.28)
LPincer5JNT                  0.44 (0.39)     0.36 (0.12)     0.34 (0.12)    -4.20 (11.99)     0.19 (0.00)     0.30 (0.34)     0.19 (0.06)     0.51 (2.10)     0.50 (1.59)     0.50 (0.17)     0.19 (0.00)     0.19 (0.00)     0.19 (0.00)     0.34 (0.15)     0.70 (0.69)     0.38 (0.21)     0.64 (1.77)     1.15 (5.18)     1.16 (1.41)     0.38 (0.10)     0.27 (0.16)     0.53 (0.67)     0.30 (0.02)     0.26 (0.14)     4.19 (8.00)     0.35 (0.24)     0.35 (0.27)
LPincer6END                  0.33 (0.54)     0.35 (0.12)     0.34 (0.12)    -4.48 (11.99)     0.07 (0.00)     0.30 (0.44)     0.06 (0.07)     0.65 (1.93)     0.38 (2.18)     0.32 (0.19)     0.07 (0.00)     0.07 (0.00)     0.07 (0.00)     0.31 (0.22)     0.66 (0.75)     0.25 (0.42)     0.52 (1.94)     1.03 (5.36)     1.19 (1.77)     0.24 (0.11)     0.24 (0.24)     0.35 (0.64)     0.23 (0.03)     0.24 (0.24)     4.07 (8.00)     0.19 (0.26)     0.19 (0.29)
RFirstLeg1JNT                0.85 (0.28)     0.53 (0.08)     0.54 (0.09)    -3.57 (11.89)     0.49 (0.00)     0.48 (0.05)     0.48 (0.05)     0.29 (2.68)     0.81 (1.39)     0.92 (0.13)     0.49 (0.00)     0.49 (0.00)     0.49 (0.00)     0.49 (0.17)     0.87 (0.76)     0.49 (0.20)     0.93 (1.07)     1.44 (4.71)     1.16 (0.73)     1.04 (0.13)     0.48 (0.05)     1.01 (0.58)     0.48 (0.05)     0.48 (0.05)     4.49 (8.00)     0.97 (0.26)     0.97 (0.26)
RFirstLeg2JNT                0.58 (0.23)     0.27 (0.09)     0.28 (0.09)    -3.55 (11.32)     0.24 (0.00)     0.23 (0.04)     0.25 (0.07)     0.06 (2.46)     0.59 (1.09)     0.64 (0.12)     0.24 (0.00)     0.24 (0.00)     0.24 (0.00)     0.24 (0.14)     0.60 (0.73)     0.24 (0.16)     0.67 (1.09)     1.17 (4.66)     0.88 (0.71)     0.76 (0.14)     0.24 (0.04)     0.74 (0.56)     0.26 (0.10)     0.25 (0.09)     4.24 (8.00)     0.71 (0.29)     0.71 (0.29)
RFirstLeg3JNT                0.73 (0.15)     0.72 (0.02)     0.72 (0.02)    -3.18 (11.00)     0.72 (0.00)     0.72 (0.02)     0.69 (0.15)     0.25 (1.64)     0.66 (0.86)     0.74 (0.02)     0.72 (0.00)     0.72 (0.00)     0.72 (0.00)     0.73 (0.14)     0.74 (0.03)     0.73 (0.15)     0.80 (1.14)     1.18 (3.82)     0.74 (0.03)     0.88 (0.03)     0.72 (0.07)     0.73 (0.05)     0.70 (0.20)     0.71 (0.21)     4.72 (8.00)     0.73 (0.36)     0.73 (0.40)
RFirstLeg4END                0.16 (0.00)     0.16 (0.00)     0.16 (0.00)    -3.14 (9.82)     0.16 (0.00)     0.16 (0.00)     0.18 (0.11)    -0.24 (1.24)     0.17 (0.85)     0.16 (0.00)     0.16 (0.00)     0.16 (0.00)     0.16 (0.00)     0.17 (0.18)     0.16 (0.00)     0.17 (0.18)     0.24 (1.13)     0.62 (3.66)     0.16 (0.00)     0.36 (0.00)     0.18 (0.10)     0.16 (0.00)     0.19 (0.15)     0.18 (0.07)     4.16 (8.00)     0.20 (0.16)     0.20 (0.16)
RFourthLeg1JNT               1.01 (0.37)     0.53 (0.08)     0.54 (0.09)    -3.17 (11.87)     0.49 (0.00)     0.55 (0.07)     0.54 (0.05)     0.07 (3.03)     0.84 (1.72)     1.17 (0.10)     0.49 (0.00)     0.49 (0.00)     0.49 (0.00)     0.49 (0.17)     0.88 (0.73)     0.50 (0.13)     1.13 (0.87)     1.64 (4.60)     1.09 (0.34)     1.36 (0.15)     0.54 (0.05)     1.08 (0.78)     0.54 (0.05)     0.54 (0.05)     4.49 (8.00)     1.20 (0.28)     1.20 (0.28)
RFourthLeg2JNT               0.76 (0.36)     0.27 (0.07)     0.28 (0.07)    -3.10 (11.30)     0.24 (0.00)     0.30 (0.07)     0.30 (0.08)    -0.20 (3.00)     0.60 (1.62)     0.89 (0.10)     0.24 (0.00)     0.24 (0.00)     0.24 (0.00)     0.24 (0.15)     0.61 (0.70)     0.25 (0.11)     0.87 (0.87)     1.37 (4.58)     0.84 (0.39)     1.09 (0.13)     0.29 (0.06)     0.84 (0.74)     0.31 (0.09)     0.29 (0.07)     4.24 (8.00)     0.92 (0.26)     0.93 (0.29)
RFourthLeg3JNT               0.70 (0.14)     0.72 (0.07)     0.72 (0.07)    -2.81 (10.19)     0.72 (0.00)     0.70 (0.02)     0.72 (0.15)    -0.30 (2.96)     0.57 (1.79)     0.75 (0.00)     0.72 (0.00)     0.72 (0.00)     0.72 (0.00)     0.71 (0.03)     0.74 (0.03)     0.72 (0.03)     0.79 (0.86)     1.19 (3.96)     0.72 (0.17)     0.79 (0.32)     0.72 (0.09)     0.69 (0.39)     0.74 (0.23)     0.73 (0.16)     4.72 (8.00)     0.80 (0.27)     0.78 (0.28)
RFourthLeg4END               0.15 (0.00)     0.15 (0.00)     0.15 (0.00)    -2.69 (9.02)     0.15 (0.00)     0.15 (0.00)     0.18 (0.11)    -0.86 (3.03)     0.06 (1.50)     0.15 (0.00)     0.15 (0.00)     0.15 (0.00)     0.15 (0.00)     0.15 (0.00)     0.15 (0.00)     0.15 (0.00)     0.24 (0.73)     0.63 (3.81)     0.20 (0.11)     0.22 (0.20)     0.18 (0.09)     0.17 (0.22)     0.22 (0.25)     0.17 (0.06)     4.15 (8.00)     0.23 (0.20)     0.22 (0.20)
LFirstLeg1JNT                0.85 (0.28)     0.53 (0.08)     0.54 (0.09)    -3.59 (11.96)     0.49 (0.00)     0.49 (0.06)     0.48 (0.06)     0.30 (2.67)     0.80 (1.38)     0.92 (0.13)     0.49 (0.00)     0.49 (0.00)     0.49 (0.00)     0.49 (0.17)     0.87 (0.76)     0.49 (0.20)     0.94 (1.17)     1.45 (4.76)     1.16 (0.73)     1.04 (0.13)     0.48 (0.06)     1.01 (0.58)     0.48 (0.04)     0.48 (0.06)     4.49 (8.00)     0.97 (0.26)     0.97 (0.26)
LFirstLeg2JNT                0.61 (0.25)     0.27 (0.08)     0.28 (0.08)    -3.56 (11.45)     0.24 (0.00)     0.24 (0.05)     0.25 (0.05)     0.18 (2.50)     0.56 (1.22)     0.64 (0.13)     0.24 (0.00)     0.24 (0.00)     0.24 (0.00)     0.24 (0.15)     0.60 (0.73)     0.24 (0.17)     0.68 (1.23)     1.18 (4.71)     0.91 (0.74)     0.80 (0.14)     0.23 (0.03)     0.79 (0.55)     0.25 (0.03)     0.23 (0.04)     4.24 (8.00)     0.71 (0.29)     0.71 (0.29)
LFirstLeg3JNT                0.65 (0.08)     0.72 (0.02)     0.72 (0.02)    -3.22 (11.01)     0.71 (0.00)     0.72 (0.02)     0.71 (0.13)     0.36 (1.57)     0.64 (1.10)     0.74 (0.01)     0.71 (0.00)     0.71 (0.00)     0.71 (0.00)     0.71 (0.03)     0.73 (0.03)     0.71 (0.03)     0.80 (1.35)     1.18 (3.89)     0.67 (0.04)     0.76 (0.06)     0.73 (0.06)     0.63 (0.17)     0.73 (0.17)     0.74 (0.12)     4.71 (8.00)     0.73 (0.36)     0.73 (0.40)
LFirstLeg4END                0.16 (0.00)     0.16 (0.00)     0.16 (0.00)    -3.17 (9.94)     0.16 (0.00)     0.16 (0.00)     0.19 (0.11)     0.09 (1.24)     0.16 (0.85)     0.16 (0.00)     0.16 (0.00)     0.16 (0.00)     0.16 (0.00)     0.16 (0.00)     0.16 (0.00)     0.16 (0.00)     0.26 (1.38)     0.63 (3.72)     0.16 (0.00)     0.40 (0.00)     0.18 (0.08)     0.16 (0.00)     0.19 (0.12)     0.17 (0.06)     4.16 (8.00)     0.20 (0.16)     0.20 (0.16)
LFourthLeg1JNT               1.01 (0.37)     0.53 (0.08)     0.54 (0.09)    -3.17 (11.92)     0.49 (0.00)     0.55 (0.09)     0.54 (0.06)     0.08 (3.03)     0.84 (1.72)     1.17 (0.10)     0.49 (0.00)     0.49 (0.00)     0.49 (0.00)     0.49 (0.17)     0.88 (0.73)     0.50 (0.13)     1.14 (0.94)     1.65 (4.63)     1.09 (0.34)     1.36 (0.15)     0.54 (0.05)     1.08 (0.78)     0.54 (0.04)     0.53 (0.05)     4.49 (8.00)     1.20 (0.28)     1.20 (0.28)
LFourthLeg2JNT               0.77 (0.36)     0.28 (0.07)     0.29 (0.07)    -3.11 (11.38)     0.24 (0.00)     0.31 (0.07)     0.33 (0.11)    -0.18 (3.02)     0.59 (1.61)     0.89 (0.10)     0.24 (0.00)     0.24 (0.00)     0.24 (0.00)     0.25 (0.15)     0.61 (0.71)     0.25 (0.11)     0.89 (0.99)     1.39 (4.62)     0.86 (0.41)     1.09 (0.15)     0.31 (0.06)     0.84 (0.72)     0.35 (0.15)     0.28 (0.06)     4.24 (8.00)     0.93 (0.27)     0.94 (0.29)
LFourthLeg3JNT               0.67 (0.23)     0.70 (0.04)     0.70 (0.04)    -2.82 (10.23)     0.70 (0.00)     0.70 (0.04)     0.65 (0.27)    -0.46 (2.86)     0.58 (1.80)     0.75 (0.01)     0.70 (0.00)     0.70 (0.00)     0.70 (0.00)     0.70 (0.03)     0.72 (0.03)     0.70 (0.02)     0.79 (1.13)     1.18 (4.05)     0.69 (0.20)     0.78 (0.31)     0.69 (0.14)     0.70 (0.52)     0.62 (0.44)     0.73 (0.09)     4.70 (8.00)     0.79 (0.29)     0.76 (0.29)
LFourthLeg4END               0.15 (0.00)     0.15 (0.00)     0.15 (0.00)    -2.70 (9.09)     0.15 (0.00)     0.15 (0.00)     0.18 (0.11)    -1.00 (2.86)     0.06 (1.50)     0.15 (0.00)     0.15 (0.00)     0.15 (0.00)     0.15 (0.00)     0.15 (0.00)     0.15 (0.00)     0.15 (0.00)     0.27 (1.03)     0.64 (3.85)     0.20 (0.12)     0.21 (0.20)     0.18 (0.11)     0.17 (0.23)     0.19 (0.16)     0.17 (0.06)     4.15 (8.00)     0.22 (0.20)     0.22 (0.20)
NewTail1JNT                  1.58 (0.59)     0.91 (0.08)     0.92 (0.09)    -2.48 (11.90)     0.87 (0.00)     1.01 (0.12)     0.99 (0.05)     0.02 (4.14)     1.20 (3.07)     1.83 (0.08)     0.87 (0.00)     0.87 (0.00)     0.87 (0.00)     0.88 (0.17)     1.28 (0.69)     0.90 (0.15)     1.73 (0.94)     2.24 (4.63)     1.34 (0.68)     2.05 (0.15)     0.99 (0.05)     1.51 (1.19)     1.00 (0.04)     0.99 (0.05)     4.87 (8.00)     1.83 (0.28)     1.83 (0.28)
NewTail2JNT                  1.85 (0.80)     0.84 (0.08)     0.85 (0.09)    -2.10 (11.92)     0.87 (0.00)     0.96 (0.16)     0.98 (0.05)    -0.15 (4.88)     1.23 (3.65)     2.18 (0.06)     0.87 (0.00)     0.87 (0.00)     0.87 (0.00)     0.81 (0.17)     1.22 (0.67)     0.91 (0.20)     2.02 (1.14)     2.53 (4.67)     1.35 (1.21)     2.43 (0.16)     0.98 (0.05)     1.63 (1.87)     0.95 (0.04)     0.98 (0.04)     4.87 (8.00)     2.17 (0.30)     2.18 (0.30)
NewTail3JNT                  2.20 (0.97)     0.81 (0.08)     0.82 (0.09)    -1.72 (11.93)     0.87 (0.00)     0.92 (0.21)     1.00 (0.05)    -0.31 (5.68)     1.26 (4.23)     2.58 (0.06)     0.87 (0.00)     0.87 (0.00)     0.87 (0.00)     0.77 (0.17)     1.20 (0.68)     0.92 (0.25)     2.36 (1.36)     2.87 (4.72)     1.41 (1.84)     2.82 (0.15)     0.96 (0.05)     1.78 (2.57)     0.86 (0.02)     0.96 (0.04)     4.87 (8.00)     2.57 (0.30)     2.57 (0.30)
NewTail4JNT                  2.54 (1.02)     0.81 (0.08)     0.82 (0.10)    -1.39 (11.91)     0.87 (0.00)     0.92 (0.26)     1.05 (0.05)    -0.43 (6.36)     1.29 (4.74)     2.89 (0.07)     0.87 (0.00)     0.87 (0.00)     0.87 (0.00)     0.78 (0.17)     1.20 (0.71)     0.93 (0.29)     2.65 (1.52)     3.16 (4.76)     1.48 (2.38)     3.10 (0.15)     0.95 (0.06)     1.92 (3.13)     0.83 (0.04)     0.94 (0.04)     4.87 (8.00)     2.89 (0.29)     2.89 (0.29)
NewTail4JNT_2                2.82 (1.00)     0.81 (0.09)     0.82 (0.10)    -1.12 (11.88)     0.87 (0.00)     0.92 (0.31)     1.09 (0.06)    -0.57 (6.87)     1.31 (5.18)     3.08 (0.12)     0.87 (0.00)     0.87 (0.00)     0.87 (0.00)     0.78 (0.17)     1.21 (0.73)     0.93 (0.32)     2.85 (1.59)     3.36 (4.79)     1.53 (2.79)     3.23 (0.16)     0.94 (0.07)     1.98 (3.43)     0.81 (0.09)     0.93 (0.04)     4.87 (8.00)     3.06 (0.29)     3.06 (0.29)
NewTail5JNT                  3.00 (0.92)     0.81 (0.10)     0.82 (0.10)    -0.90 (11.83)     0.87 (0.00)     0.92 (0.34)     1.12 (0.06)    -0.70 (7.33)     1.32 (5.55)     3.13 (0.18)     0.87 (0.00)     0.87 (0.00)     0.87 (0.00)     0.78 (0.17)     1.22 (0.75)     0.94 (0.35)     2.96 (1.61)     3.47 (4.80)     1.54 (3.01)     3.27 (0.17)     0.93 (0.09)     2.00 (3.72)     0.81 (0.14)     0.92 (0.04)     4.87 (8.00)     3.14 (0.30)     3.14 (0.31)
NewBack6JNT                  3.10 (0.82)     0.81 (0.11)     0.82 (0.10)    -0.75 (11.80)     0.87 (0.00)     0.92 (0.38)     1.15 (0.06)    -0.82 (7.70)     1.34 (5.84)     3.08 (0.26)     0.87 (0.00)     0.87 (0.00)     0.87 (0.00)     0.78 (0.17)     1.22 (0.76)     0.94 (0.37)     2.99 (1.59)     3.50 (4.99)     1.53 (3.06)     3.26 (0.18)     0.93 (0.11)     1.99 (3.93)     0.81 (0.19)     0.91 (0.04)     4.87 (8.00)     3.15 (0.33)     3.15 (0.32)
NewBack7JNT                  3.12 (0.81)     0.81 (0.12)     0.82 (0.11)    -0.64 (11.77)     0.87 (0.00)     0.92 (0.40)     1.16 (0.06)    -0.92 (7.98)     1.35 (6.06)     2.98 (0.31)     0.87 (0.00)     0.87 (0.00)     0.87 (0.00)     0.79 (0.16)     1.23 (0.77)     0.94 (0.38)     2.97 (1.68)     3.48 (5.23)     1.50 (3.15)     3.18 (0.20)     0.93 (0.13)     1.96 (4.06)     0.82 (0.22)     0.91 (0.04)     4.87 (8.00)     3.09 (0.36)     3.09 (0.35)
NewBack1JNT                  1.20 (0.30)     0.94 (0.08)     0.95 (0.09)    -3.50 (11.96)     0.91 (0.00)     0.89 (0.04)     0.88 (0.05)     0.59 (2.88)     1.15 (1.93)     1.21 (0.16)     0.91 (0.00)     0.91 (0.00)     0.91 (0.00)     0.91 (0.17)     1.28 (0.76)     0.90 (0.21)     1.25 (1.25)     1.76 (4.83)     1.54 (0.81)     1.26 (0.12)     0.88 (0.05)     1.37 (0.53)     0.88 (0.04)     0.88 (0.05)     4.91 (8.00)     1.27 (0.23)     1.27 (0.23)
NewBack2JNT                  1.19 (0.40)     1.03 (0.10)     1.03 (0.09)    -3.67 (12.01)     0.99 (0.00)     0.93 (0.04)     0.93 (0.05)     0.74 (2.81)     1.20 (1.91)     1.14 (0.18)     0.99 (0.00)     0.99 (0.00)     0.99 (0.00)     0.99 (0.17)     1.36 (0.77)     0.98 (0.25)     1.22 (1.43)     1.72 (4.96)     1.66 (1.05)     1.16 (0.12)     0.93 (0.05)     1.46 (0.58)     0.93 (0.04)     0.93 (0.05)     4.99 (8.00)     1.22 (0.23)     1.22 (0.22)
NewBack3JNT                  1.20 (0.51)     1.12 (0.09)     1.13 (0.09)    -3.81 (12.13)     1.08 (0.00)     1.00 (0.06)     1.00 (0.05)     0.87 (2.74)     1.27 (1.93)     1.11 (0.19)     1.08 (0.00)     1.08 (0.00)     1.08 (0.00)     1.08 (0.17)     1.45 (0.79)     1.07 (0.29)     1.21 (1.61)     1.71 (5.09)     1.80 (1.27)     1.08 (0.12)     1.00 (0.05)     1.57 (0.81)     1.00 (0.04)     1.00 (0.05)     5.08 (8.00)     1.20 (0.23)     1.20 (0.21)
NewHeadJNT                   1.25 (0.64)     1.26 (0.11)     1.27 (0.09)    -3.95 (12.26)     1.22 (0.00)     1.11 (0.08)     1.11 (0.05)     1.03 (2.68)     1.37 (2.02)     1.10 (0.21)     1.22 (0.00)     1.22 (0.00)     1.22 (0.00)     1.22 (0.17)     1.58 (0.80)     1.20 (0.32)     1.23 (1.81)     1.74 (5.26)     1.98 (1.48)     1.03 (0.13)     1.11 (0.05)     1.70 (1.06)     1.11 (0.04)     1.11 (0.05)     5.22 (8.00)     1.21 (0.24)     1.21 (0.22)
NewJawJNT                    1.11 (0.72)     1.19 (0.16)     1.21 (0.20)    -4.09 (12.25)     1.18 (0.05)     0.99 (0.09)     1.00 (0.05)     0.99 (2.49)     1.29 (1.81)     0.95 (0.25)     1.17 (0.05)     1.21 (0.12)     1.14 (0.05)     1.14 (0.16)     1.50 (0.83)     1.12 (0.35)     1.09 (1.80)     1.60 (5.27)     1.99 (1.77)     0.87 (0.13)     1.00 (0.05)     1.68 (1.36)     1.01 (0.04)     1.01 (0.05)     5.14 (8.00)     1.07 (0.25)     1.07 (0.23)
NewJawEND                    0.87 (0.78)     1.03 (0.06)     1.08 (0.38)    -4.35 (12.24)     1.13 (0.15)     0.81 (0.26)     0.84 (0.05)     0.89 (2.02)     1.16 (1.74)     0.69 (0.32)     0.96 (0.09)     1.07 (0.09)     0.96 (0.11)     0.99 (0.23)     1.36 (0.88)     0.98 (0.43)     0.83 (1.79)     1.33 (5.26)     1.90 (2.11)     0.59 (0.13)     0.84 (0.05)     1.54 (1.79)     0.85 (0.04)     0.84 (0.05)     5.01 (8.00)     0.83 (0.25)     0.83 (0.25)

giros de mundo -> work\models\xenodogmesh\giros.json

huesos sin ni una clave en los 27 clips: 5
  candidatos a `sin_claves` de MODELOS, en Weight-NMSMesh.py.
  Cruzalos con el SkinMatrixLayout: solo importan los de la paleta.
  "LPincer4JNT", "LPincer6END", "NewJawEND", "RPincer4JNT", "RPincer6END"
